3956961242
3817154227
8388337365
9985797517
7754382127
4688685668
8868461971
1629467952
9781818832
5994468286
6312266363
8568987789
3843315334
4839226538
5262346567
4699997448
4673622222
7339748698
9941928429
4792858789
9335465138
4865393717
7223861593
3992339833
4268347494
6326421657
1789213219
6577158459
4366962626
3413284382
5151712756
2553319339
2673911468
7392393136
2645785417
3194621461
7818734757
5441364775
5159532918
2355118464
8848297564
2439464193
4449841871
7258784546
4599541663
6444826655
9666134361
3355363227
7789799979
6549588477
8328858949
7931825198
5251667879
2817114225
9945999232
6892668414
7752112515
2525732378
1829621242
2767733222
1382925438
7715333897
5129474462
9972335182
9956282596
8911153493
2851732585
5512262683
2158716628
2214281742
1313966221
9111219967
5829712983
9882636632
4139729191
5699159972
2231719592
2867129443
5476123324
1744616814
7241544164
4786784913
1218937948
4857813685
5576692642
2245752767
8693372198
4665352727
3173679994
8686426776
1776268779
6774231414
6261726284
4119514722
7289258419
7343433578
2111323826
1424187479
5711166644
4138799567
5834189466
5339668421
7852653891
1312212887
7351162368
9942419234
7438389684
8554537711
3687919886
1433727161
1231749961
5231617628
1885143383
2611358756
5749999581
8979143712
6256944852
2981642663
4272118793
7748991964
4181653361
7557773623
2521946338
8467616968
1839969867
4193458264
2333851854
2327891898
2228163221
2953451255
7762139848
2663418937
4455725774
5313829387
1547823414
8766174186
3516551379
9373976628
1383323631
9548385319
5541822625
9183534551
7716844425
8584179435
6182792257
4994828747
7938227374
3787147817
8392284877
1396761251
9241769894
6648862764
4741851722
2616316231
7985373156
4615938359
7138626145
2577294571
6834176737
1628584362
7788992798
7717892287
6223358386
6683745355
7218173464
4847365585
5134378414
5823476978
7996773167
1343469395
2294681573
7612996875
3492172185
5793285322
6498113242
1339866865
8355462744
1421244133
2417153411
4253467836
7713587457
1528197642
1515569643
1154664232
9868944563
9646762254
4954812685
9357792125
8318672946
8916352899
2215772445
3813279222
2744518837
4496532593
5483463415
2336648235
8142354357
9622361619
9599619497
8646935287
5157764771
7323978795
9313432342
6381566136
2343749247
1638817469
7259886346
8421928262
5868165554
2674228671
9966554898
8461967731
3264533269
7144779656
7183515974
8516512895
9176372545
8174585491
5143886283
2723792129
1398274554
3837774192
7813865766
4444252367
2671976184
9189317827
9188633196
8641116373
5685852768
7134295374
2531328368
1524749112
6824157686
2131124667
7596777773
8914612161
9554322817
5326728959
2724565768
4694658266
2612337521
4554784727
4454239359
1514291973
9518826447
5976751186
2552196121
8855364968
6145929114
1834866897
7354635652
6538941417
7756478723
6182533165
3714523915
9591656295
2376598673
6569826743
4918298396
3729313241
4696814272
7997638786
1123768639
8123242282
1965744918
9668419411
5748887535
9467181373
7784473326
1754297695
3284726211
8573765968
1896793586
3999132143
1387512995
8636317557
9166569136
9124562127
9188499484
1995979124
5674277185
4117374889
9999966145
2181687171
6281258238
5768813961
9429863624
2467168557
1348141491
3394522269
7277517925
4797755458
5874677196
6186145545
6422919515
7759744769
4888478486
1582198784
6124552643
1955995848
6154534277
4196757463
6167786123
3136167463
8519852721
2124617818
3467138631
4263281893
3717611842
8981633792
6875922593
4792615598
6144767416
8613176619
2617766187
1574752359
8516987537
9572467788
9529611178
6463221399
9632545688
7996685147
6925644139
3836288961
8912464211
7871256527
6385827846
3365142478
5734698967
7278521978
4498224828
3985691777
1817168813
5913555753
3874293653
2123518713
1543633798
9228193473
8923517598
8741586627
1154433235
1892349166
4918429633
9717614566
4256166947
8454912595
7311161848
2894898382
2777292894
3383325868
9628776266
2931712342
9153256337
3585181887
2222494713
5991112639
5924227443
7795661859
5336121584
2459468272
5758651235
1578486457
1746732262
7995383286
4928638924
7255194964
1874785354
7894747877
5855352599
1616524665
7116399944
4152396657
7749812575
7243663929
4633459762
4264497156
3551312735
6932562543
5299921825
6298129773
2245574568
4151245775
5962919864
2759447431
7117426185
7781989283
7715179353
7668983797
8179871428
4589193754
7651912442
7551435866
8225329443
4491124775
7787243922
1339891559
8226281543
1638866235
3313173425
8821686812
4249711468
5559174317
2651213163
3125445117
8133954419
3711676433
9588356722
6593591689
9528463556
4937153587
8483833523
2569429768
8118784737
9622839248
7653994742
6736344144
3551332754
3877349364
3584964659
4217293919
1646957586
2381972941
3968282195
4876761911
8584633136
7227497899
2917218773
2794651968
7732198518
7644378964
1528531528
3769591267
2774371519
9482373751
4521179161
6277885294
5115532371
6821728327
6953412122
6373235163
1989192372
4969695139
9999586685
4196214853
1498297628
3819131784
1665345399
3645643574
8195561524
6568351791
1263628882
3866894173
3839272376
9995349761
6628357737
5945351962
3729614975
4792871893
3613476339
4664345923
1688699297
5784936943
7673699658
7531936552
8494325674
4225994998
1377633633
2921716919
2195389434
4994787492
8464117391
3648538721
2966697189
6248184684
4914875356
8592817945
7868935139
8562499661
1628991623
6417587234
7754299756
5929993818
2562457998
5457444784
6315665554
9535684838
8942637884
7445446664
9447834893
1544158265
7765364749
4662614419
7594958364
4969176435
5935585433
6618599736
7638352491
2585751895
7544194915
6958651614
5534171191
8532155324
7765239751
9848572631
2964189234
3958378874
1513164732
5242111891
6355922262
3826159777
4938916827
8177393994
7772742548
1246193631
4931329341
4558157949
8189967128
3985419323
2472458848
4332231992
7869188999
7219931452
1917838555
2742887115
9563145489
3427328729
8866663374
7464728794
7773285512
9556925714
3226135574
6256196459
4358593852
8975642936
2834151475
6929399698
4375686372
3833998597
3346136272
1653941112
1687493983
4635912858
3192527819
7137111736
4264531116
7796779669
1352544659
8843466466
6517626754
9425465786
4958924957
1337945377
3268716786
6963286761
2689398185
5713493271
4477865375
5768265553
7812566538
7681629863
5745964731
9739461992
5664944487
5568918532
7252383566
1512843956
8613162223
3355542315
4438639294
5671749776
1248524456
1694178316
8858638334
2842372541
9119674839
5731672734
6131526238
2821497374
1642559562
2378294374
3739224583
7714933145
1624994831
4967955336
2634635399
7166367725
4422165897
1894979937
4648736739
1748275997
3927213683
2922169589
4236811447
8782552144
1976887132
9795181152
6163654359
6515346839
8347312283
3855313968
7841197849
6368621277
9673182293
7324279267
9353727249
5917537422
6329983433
3541269765
2173996193
3454776614
7869712158
1277919696
6645978139
8245441956
5991679951
2624825734
7988626164
9331771935
4153663316
3853317826
1897495755
7228532561
2235657257
3891691265
8856486698
9121372719
2686988328
9275181712
5591252373
4222749619
6619577446
7282646323
5771272271
3424241593
8773441236
3144114397
4257493474
7353916126
2294857549
7742685236
7997378591
3768243651
2134958519
9199318189
7336818595
3675392588
6524363446
6573584132
5512224875
6348696953
6647132328
1995227424
4622662175
8586921436
2257318673
5173298552
4578917997
5634217777
7935877124
5728678515
1192632658
1535191998
4663212878
1761661183
1624182692
2217948512
2651736537
3633659386
2449195719
4923728494
9267543418
3874152993
9268746336
4966445352
5518792662
5316848678
5895894559
8831286962
2669645469
5283892894
4431797468
9468826238
6784585166
5379615433
1439376978
8522812295
4565523882
4286166246
6512973526
8623919413
9918499717
1292769624
9257958423
5953493649
4784988131
1648152273
6342284271
6649486963
4832571172
5977179461
9974658955
3722921526
6933946283
9425283372
9395425133
7757338577
2312971687
3127625236
2441524365
9384695752
9352763744
5176118246
5919638497
4525764343
2988137982
3492344447
9393695242
3784421817
3686974546
6647211411
9878237727
1522879931
9581579712
7534917228
1376745894
1218323269
1344987391
9152319966
8821239749
7276632153
7719786374
1978332593
6415222563
3116211946
7499142794
6971824464
7131384349
1137796374
9885372843
4966183366
9196715694
7331376136
4884871534
9221754322
9521475364
5461592766
3525317797
5966942168
2687564317
7622568929
5122689298
4448347599
8817341475
7299483416
8694731857
7425659863
3263922212
3637658113
3159992212
2929726374
1511919836
2714863487
3936476338
5394871769
1266515225
7437923172
4313993985
9398497653
5642191221
5845149164
1971527698
7796198712
4218524422
9156833386
9318744274
4288164538
5722637197
6913349915
6661358122
6795925235
4991274567
2513368961
9285677744
4627997997
4563845442
3999893548
4427428474
7947226538
5268545934
9176369611
1479545219
2945581378
6644686173
1118797696
8974687783
5963577859
4813812668
9687269577
1654849417
3585889339
4583913725
7858766874
5894177789
8181938115
4635675833
9595737848
2869142956
3291371614
3834147232
2211856153
4538787997
4464465696
9633518245
6357753796
1784821735
2341935424
4429992566
6322934377
5534829331
3569521714
2557175992
2458982367
4496448984
2563485549
1896659165
5884114225
9835925967
2781731893
9154638266
1819243538
5685423312
9222271919
5159164579
4434872155
3655255747
8468672138
4773174413
5821146493
2465839826
9743982398
9224267811
1298716671
1716546222
1826544188
4968869131
7344766621
7285925535
7481573897
4853189942
7482373293
6835275473
2465879877
1438932293
8329648149
2391292435
9768199918
2318655647
5866424661
4631672285
4967678376
4114485137
2463292187
3613675659
4167299845
1889739786
6587148356
6684831284
2174567183
5586132921
4387125853
1417945277
8612459947
9625652173
7767331514
8227788496
1315657233
7893393867
1587111575
3273982772
4933924167
3172262559
4615481374
1263767424
1825571577
9284914465
8877543964
6933351243
7427347525
1781376532
1342622324
6118593263
7672198652
9935876181
8662148697
2217334929
8825837912
6188531288
4182239544
9299321373
3626179176
4398474878
6822182886
8234844966
4739627887
2387754677
1653923395
6477146284
9365733532
8858181148
7495415882
9313759516
7733647941
9979421866
7464917226
4913358955
5833797661
5553381871
7824619381
5452452383
6355819333
3258276317
2826695454
8619369574
1392265239
9372618763
3774453771
3363875898
1827124525
6636135673
4263988695
3199844247
8218786662
5818214962
8495266373
9785264656
5838788117
9274668566
4864192196
3885562962
6639179965
2537524991
7975628987
8926135953
6725822772
8342926946
7867845422
4394973476
7339386276
4343727872
1138671884
6319448424
5911562715
3167992914
8453342781
4469427848
8246832767
3558166367
2148814266
1785433647
5642456664
5366679769
1323393961
5662621694
1237858275
7729262841
9141342245
7298675677
6727815484
6774518793
9591474598
2539214186
5428947377
4175543483
3643923459
3391592331
6954959856
4449214938
5892385224
7516479645
2719586948
8659556959
3593479732
7484453254
3667969594
1219538632
4594521788
7736222527
8573453448
6391655961
7788271348
6919757375
6343492767
6588973259
1321445881
9723479162
8266268433
6572895592
8389819634
2539134355
8443227296
